0.1888277530670166
0.39058494567871094
0.5851874351501465
0.7936630249023438
0.9907891750335693
1.1937615871429443
1.3942184448242188
1.5906574726104736
1.7999906539916992
1.9971237182617188
2.2011334896087646
2.401228189468384
2.6020960807800293
2.80363130569458
3.004927635192871
3.2108280658721924
3.4139840602874756
3.6151468753814697
3.819701910018921
4.02275276184082
4.226119041442871
4.421724796295166
4.623928785324097
4.845213174819946
5.046536684036255
5.2485175132751465
5.4593517780303955
5.664151906967163
5.866585731506348
6.0716400146484375
6.271592140197754
6.475860834121704
6.682622671127319
6.885138511657715
7.0871312618255615
7.298078775405884
7.49740743637085
7.700902223587036
7.903738021850586
8.10952377319336
8.311412572860718
8.510670900344849
8.709155559539795
8.91478419303894
9.122519254684448
9.324639320373535
9.52836799621582
9.73550534248352
9.954515933990479
10.191420078277588
10.439241886138916
10.697713613510132
10.955597400665283
11.194575548171997
11.40720009803772
11.637451648712158
11.842677116394043
12.082170724868774
12.293518543243408
12.515169382095337
12.748889684677124
13.025747776031494
13.288597822189331
13.534802675247192
13.7493577003479
13.960458278656006
14.174588918685913
14.383703708648682
14.60145115852356
14.822657108306885
15.032705068588257
15.249230861663818
15.473713397979736
15.686654329299927
15.927451133728027
16.170348644256592
16.43066382408142
16.665661811828613
16.8768470287323
17.088747262954712
17.305631160736084
17.5178120136261
17.73099374771118
17.941373586654663
18.153494358062744
18.363459825515747
18.57020092010498
18.780580759048462
19.029672145843506
19.261556148529053
19.48508858680725
19.69635248184204
19.909820318222046
20.13380241394043
20.359535455703735
20.58445429801941
20.798975944519043
21.034499645233154
21.26133894920349
21.496771574020386
21.724355697631836
21.942658185958862
22.16070294380188
22.37572693824768
22.59295344352722
22.79796528816223
23.00827670097351
23.219743728637695
23.43154811859131
23.657935619354248
23.874148845672607
24.091582775115967
24.311700582504272
24.53380846977234
24.74317240715027
24.96972107887268
25.225528717041016
25.436896800994873
25.64436364173889
25.84807538986206
26.093678951263428
26.31492567062378
26.529816389083862
26.73728585243225
26.943795442581177
27.156219244003296
27.358247995376587
27.574678897857666
27.782726764678955
27.997997283935547
28.21164107322693
28.416354179382324
28.62588882446289
28.831998825073242
29.04922866821289
29.270705461502075
29.48100233078003
29.691930294036865
29.8926203250885
30.12102460861206
30.33177614212036
30.554271459579468
30.765069007873535
31.006362915039062
31.23785901069641
31.456873893737793
31.668712854385376
31.869731426239014
32.085325479507446
32.29118895530701
32.507309436798096
32.71504330635071
32.920403242111206
33.13968014717102
33.346248626708984
33.57322716712952
33.783425092697144
34.003045082092285
34.2151575088501
34.443121671676636
34.65580701828003
34.857701539993286
35.07960891723633
35.2878303527832
35.50396919250488
35.71625113487244
35.92035102844238
36.133259773254395
36.33784079551697
36.556421518325806
36.759033203125
36.96984028816223
37.182448863983154
37.412577629089355
37.618508100509644
37.81982111930847
38.03725242614746
38.24476647377014
38.46332097053528
38.67889976501465
38.88423943519592
39.10546398162842
39.31652212142944
39.53380632400513
39.745028257369995
39.95235633850098
40.16466736793518
40.373804807662964
40.58677935600281
40.79109215736389
41.004316329956055
41.21234488487244
41.42246747016907
41.631397008895874
41.84332299232483
42.06171631813049
42.2738037109375
42.48343205451965
42.69017004966736
42.89069986343384
43.1094126701355
43.32396340370178
43.53838109970093
43.74675369262695
43.95806264877319
44.16631054878235
44.37410879135132
44.59344792366028
44.80294322967529
45.01276969909668
45.22179365158081
45.43183398246765
45.658193588256836
45.86834144592285
46.085373640060425
46.28799796104431
46.503817319869995
46.71162939071655
46.91468262672424
47.130287408828735
47.33644461631775
47.558536529541016
47.76101851463318
47.97195076942444
48.185791015625
48.39457941055298
48.60858654975891
48.8089075088501
49.025248289108276
49.233859062194824
49.448689460754395
49.66037845611572
49.86356019973755
50.0823917388916
50.288182735443115
50.515836000442505
50.72685241699219
50.93228816986084
51.149067878723145
51.35512161254883
51.56932473182678
51.776362657547
51.987152099609375
52.195950508117676
52.40595531463623
52.62051200866699
52.82320761680603
53.03659725189209
53.24631953239441
53.4594247341156
53.67448544502258
53.897501945495605
54.11492347717285
54.3242723941803
54.53963232040405
54.74976420402527
54.963382720947266
55.17031192779541
55.38420653343201
55.60027718544006
55.805431604385376
56.02404570579529
56.239076137542725
56.45267343521118
56.65999436378479
56.86289072036743
57.076310873031616
57.29137372970581
57.50606369972229
57.71497654914856
57.921350717544556
58.138267517089844
58.34218144416809
58.55567955970764
58.75921010971069
58.97388815879822
59.19072508811951
59.397769927978516
59.615033864974976
59.82716226577759
60.037721157073975
60.245705127716064
60.46163821220398
60.67688846588135
60.88064670562744
61.097944498062134
61.30893588066101
61.52515149116516
61.733630895614624
61.958075761795044
62.167028188705444
62.37353491783142
62.60589814186096
62.81307601928711
63.027841091156006
63.23674249649048
63.44671368598938
63.65707015991211
63.86124539375305
64.07298231124878
64.27683758735657
64.48528480529785
64.69215273857117
64.89440631866455
65.10436987876892
65.309321641922
65.5197582244873
65.72922468185425
65.93312454223633
66.14436459541321
66.34914588928223
66.56119084358215
66.767174243927
66.97737526893616
67.1822829246521
67.39359378814697
67.60647487640381
67.80858850479126
68.0211431980133
68.2274100780487
68.43370485305786
68.65013909339905
68.85390377044678
69.07227206230164
69.27935647964478
69.49485731124878
69.70366787910461
69.90159940719604
70.13989281654358
70.35386824607849
70.56607341766357
70.77115178108215
70.98296356201172
71.18590068817139
71.39123201370239
71.60540533065796
71.81616306304932
72.03043127059937
72.2405776977539
72.45564913749695
72.66609263420105
72.87208676338196
73.08366537094116
73.29430747032166
73.50768852233887
73.71564030647278
73.92239332199097
74.13861680030823
74.3450608253479
74.5606632232666
74.76189994812012
74.97311520576477
75.189945936203
75.39613223075867
75.61306428909302
75.84116888046265
76.07415080070496
76.29647469520569
76.50490069389343
76.7101800441742
76.91846203804016
77.13358187675476
77.34308671951294
77.56368803977966
77.76956939697266
77.97260022163391
78.18703627586365
78.41963267326355
78.6336772441864
78.8375792503357
79.05273270606995
79.2602310180664
79.48340320587158
79.6941499710083
79.90698289871216
80.12116765975952
80.32490873336792
80.54707455635071
80.75366687774658
80.96142196655273
81.17341637611389
81.38052177429199
81.59999775886536
81.81252336502075
82.03024983406067
82.23511552810669
82.45150828361511
82.65481519699097
82.86394143104553
83.07851719856262
83.28744053840637
83.50036978721619
83.70282745361328
83.91508460044861
84.13288617134094
84.3402190208435
84.55617189407349
84.76367998123169
84.96697163581848
85.17381978034973
85.38064765930176
85.59089350700378
85.80011081695557
86.01113700866699
86.21560668945312
86.4495906829834
86.65964555740356
86.86276412010193
87.07523846626282
87.27946901321411
87.49484896659851
87.69644379615784
87.90509057044983
88.11754870414734
88.32719779014587
88.55139255523682
88.75915312767029
88.96665549278259
89.17799663543701
89.3880226612091
89.6017951965332
89.80242419242859
90.02378487586975
90.23173952102661
90.44530940055847
90.66992664337158
90.88149213790894
91.11212229728699
91.32771492004395
91.5602240562439
91.77991271018982
91.9980890750885
92.21212458610535
92.43475389480591
92.68712568283081
92.89638757705688
93.09931755065918
93.30099368095398
93.51003074645996
93.711430311203
93.9215042591095
94.13279819488525
94.36730694770813
94.57483077049255
94.81686329841614
95.01873397827148
95.2338445186615
95.45154333114624
95.65171670913696
95.86821937561035
96.07476758956909
96.31339383125305
96.52116847038269
96.76244568824768
97.00037622451782
97.23449516296387
97.46894788742065
97.68141150474548
97.89590311050415
98.10286283493042
98.3203272819519
98.52951574325562
98.7453191280365
98.94900751113892
99.1600513458252
99.38132619857788
99.5883378982544
99.80563259124756
100.01143717765808
100.22301530838013
100.43070101737976
100.64329290390015
100.86074233055115
101.06398820877075
101.28134083747864
101.48762321472168
101.70311069488525
101.91442131996155
102.12346577644348
102.33846068382263
102.56380653381348
102.79785823822021
102.99708986282349
103.20705437660217
103.41728281974792
103.61382365226746
103.83321642875671
104.03158187866211
104.24609804153442
104.4549732208252
104.6675386428833
104.88376140594482
105.08546662330627
105.30527400970459
105.50687646865845
105.71904850006104
105.93054842948914
106.14116597175598
106.35750460624695
106.5633955001831
106.78164172172546
106.97868061065674
107.1867139339447
107.4075665473938
107.61050987243652
107.83512496948242
108.03745126724243
108.25881600379944
108.47206807136536
108.68130826950073
108.8974175453186
109.10015916824341
109.31199955940247
109.51976442337036
109.74000716209412
109.94745087623596
110.15662360191345
110.37653183937073
110.58159637451172
110.80114960670471
111.02321171760559
111.24160408973694
111.45257902145386
111.66156005859375
111.86934423446655
112.07268238067627
112.28881239891052
112.49317216873169
112.70096373558044
112.91547870635986
113.12177443504333
113.33542728424072
113.54049181938171
113.7618350982666
113.96958088874817
114.17738032341003
114.39799380302429
114.60255599021912
114.81980443000793
115.02498722076416
115.23814821243286
115.4486026763916
115.65449476242065
115.88191652297974
116.10496211051941
116.33615779876709
116.55189943313599
116.78179264068604
117.00738906860352
117.22422552108765
117.45239233970642
117.68299555778503
117.92535829544067
118.15151810646057
118.37385845184326
118.57652688026428
118.78173232078552
118.98499059677124
119.21767807006836
119.42712807655334
119.62633609771729
119.83382773399353
120.06186008453369
120.29105567932129
120.50454831123352
120.71913146972656
120.93884086608887
121.16688919067383
121.37488150596619
121.58246612548828
121.79539728164673
122.0483570098877
122.27400588989258
122.49353671073914
122.6974446773529
122.90645003318787
123.12435460090637
123.32917428016663
123.5514805316925
123.75348830223083
123.97387099266052
124.18392324447632
124.38934803009033
124.59956550598145
124.8015341758728
125.01620769500732
125.21806454658508
125.4303948879242
125.63944602012634
125.84952521324158
126.07541799545288
126.283123254776
126.5154914855957
126.7203152179718
126.96021127700806
127.17115950584412
127.39832472801208
127.61163425445557
127.8135917186737
128.02960991859436
128.22610187530518
128.44798231124878
128.65324807167053
128.85187888145447
129.0651695728302
129.2682020664215
129.48149228096008
129.6819269657135
129.88673996925354
130.09557485580444
130.30339169502258
130.5176272392273
130.71708965301514
130.92935967445374
131.14013504981995
131.3475947380066
131.55996656417847
131.76007914543152
131.97776317596436
132.18444681167603
132.3961102962494
132.6099464893341
132.8114869594574
133.0231738090515
133.22733688354492
133.439106464386
133.64836859703064
133.85119652748108
134.0703148841858
134.2657060623169
134.4838182926178
134.68331050872803
134.89079523086548
135.1032211780548
135.30617117881775
135.53725624084473
135.74096369743347
135.95556807518005
136.16411924362183
136.37574362754822
136.58710622787476
136.78831672668457
137.00793933868408
137.21080422401428
137.42749118804932
137.6653823852539
137.8980028629303
138.11007475852966
138.3242461681366
138.5331416130066
138.7455267906189
138.95767736434937
139.16664171218872
139.38259840011597
139.59555411338806
139.80104446411133
